./img0000.jpg
0.939276 -0.0053752 -0.34312 0.0870075 
0.106219 0.955328 0.275803 -0.225621 
0.32631 -0.2955 0.897887 -3.65708 
0 0 0 1 
./img0001.jpg
0.989229 0.0697117 -0.12871 -0.176071 
-0.0254191 0.947763 0.317962 -0.186003 
0.144152 -0.311266 0.939326 -3.33781 
0 0 0 1 
./img0004.jpg
0.880934 0.00352639 -0.473226 0.378786 
0.116169 0.967764 0.223466 -0.00557378 
0.458759 -0.251833 0.852127 -3.76465 
0 0 0 1 
./img0005.jpg
0.925376 0.00518098 0.379014 -1.2711 
-0.173032 0.89542 0.410223 -0.577558 
-0.337251 -0.445193 0.829497 -3.34936 
